,0,1,2,3,4,5,6,7,8,9,10,11,12
bAccGen1,0.00829343114371457,0.277192397465822,0.696966988996332,0.00287129043014338,0.00331210403467823,0.00456852284094698,0.00010703567855952,4.36812270756919e-05,5.83527842614205e-05,0.00607802600866956,0.000404468156052017,8.63621207069023e-05,1.73391130376792e-05
bAnaAcu1,0.00298833333333333,0.289425333333333,0.66388,0.030103,0.0112736666666667,0.00211766666666667,0.000148333333333333,1.4e-05,7.33333333333333e-06,1.53333333333333e-05,4e-06,1.1e-05,1.2e-05
bAnsBra1,0.00242405063291139,0.319442371752165,0.663161558960693,0.00686242504996669,0.00609027315123251,0.00157594936708861,0.000266489007328448,5.89606928714191e-05,2.43171219187209e-05,2.76482345103264e-05,2.99800133244504e-06,6.16255829447035e-05,1.33244503664224e-06
bCinCin1,0.00871385742838108,0.387294803464357,0.585653897401732,0.00530512991339107,0.0110399733510993,0.00147834776815456,6.82878081279147e-05,4.73017988007995e-05,0.000103264490339773,0.000228847435043304,3.79746835443038e-05,1.79880079946702e-05,1.03264490339773e-05
bClaHye2,0.00374024674891631,0.287498832944315,0.683153384461487,0.0175081693897966,0.00618106035345115,0.00156952317439146,0.000292097365788596,2.60086695565188e-05,1.53384461487162e-05,5.00166722240747e-06,4.33477825941981e-06,3.33444481493831e-06,2.66755585195065e-06
bFriCoe1,0.00638907395069953,0.495781145902732,0.484373417721519,0.00654397068620919,0.00515689540306462,0.00146568954030646,0.000114923384410393,6.92871419053964e-05,4.13057961359094e-05,2.16522318454364e-05,6.99533644237175e-06,3.0979347101932e-05,4.66355762824783e-06
bLarFus1,0.00251317105701901,0.24138179393131,0.743832944314772,0.00515905301767256,0.0041297099033011,0.00276592197399133,5.5351783927976e-05,2.23407802600867e-05,4.00133377792598e-06,3.90130043347783e-05,7.46915638546182e-05,1.30043347782594e-05,9.00300100033345e-06
bPhaCar2,0.00359680106631123,0.257723425524825,0.725941019660113,0.00369343552149284,0.00437587470843052,0.00433088970343219,6.99766744418527e-05,3.93202265911363e-05,1.36621126291236e-05,4.16527824058647e-05,0.000151616127957348,9.99666777740753e-07,2.13262245918027e-05
bTetUro1,0.00282539153615462,0.27254881706098,0.711006997667444,0.00797600799733422,0.00291302899033655,0.00220159946684439,0.000414528490503166,1.86604465178274e-05,3.99866711096301e-06,1.66611129623459e-05,3.49883372209264e-05,2.53248917027657e-05,1.39953348883705e-05
daAjuCham1,0.00317339113037679,0.537079359786595,0.0701533844614872,0.314589863287763,0.0723877959319773,0.00223174391463821,0.00020106702234078,5.96865621873958e-05,4.10136712237412e-05,1.13371123707903e-05,3.43447815938646e-05,2.70090030010003e-05,1.00033344448149e-05
daArcMinu1,0.0838221778221778,0.311837495837496,0.0104542124542125,0.37674691974692,0.213641691641692,0.00287778887778888,6.29370629370629e-05,0.000224775224775225,2.8971028971029e-05,6.29370629370629e-05,2.2977022977023e-05,0.000207459207459207,9.65700965700966e-06
daBalNigr1,0.00540433333333333,0.351650666666667,0.0155483333333333,0.436201,0.188867,0.001923,0.000223,0.000157,7.66666666666667e-06,7.33333333333333e-06,2e-06,3e-06,5.66666666666667e-06
daLigVulg1,0.007304,0.362165666666667,0.0187396666666667,0.415019333333333,0.193229,0.00296866666666667,0.000367666666666667,0.000144666666666667,1.66666666666667e-06,4.5e-05,1.33333333333333e-06,1.33333333333333e-05,0
daLinVulg1,0.00994533333333333,0.418109666666667,0.00266,0.426686666666667,0.138880333333333,0.00308566666666667,0.000273,0.000144333333333333,2.23333333333333e-05,5.9e-05,6.33333333333333e-06,0.000103333333333333,2.4e-05
daMisOron1,0.0152737262737263,0.63210656010656,0.0997329337329337,0.236001332001332,0.0123529803529804,0.00338361638361638,0.000458541458541459,9.39060939060939e-05,0.000317349317349317,0.000197802197802198,2.66400266400266e-05,3.0969030969031e-05,2.36430236430236e-05
daPulDyse1,0.00933455637091394,0.48734389593062,0.0209703135423616,0.388505003335557,0.0916374249499666,0.00171314209472982,8.83922615076718e-05,0.000105737158105404,5.30353569046031e-05,4.20280186791194e-05,3.50233488992662e-05,0.00014076050700467,3.06871247498332e-05
daScuGale1,0.00405562958027981,0.467109593604264,0.0821459027315123,0.381340106595603,0.0640336442371752,0.000916055962691539,0.000190872751499001,6.52898067954697e-05,1.99866755496336e-06,6.99533644237175e-06,1.99866755496336e-05,6.46235842771486e-05,4.93004663557628e-05
daScuMino1,0.0167146666666667,0.482175333333333,0.061431,0.328159,0.108282,0.00258,0.000138,0.000397666666666667,8.66666666666667e-06,1.33333333333333e-06,8.46666666666667e-05,2.56666666666667e-05,2e-06
daSolDulc1,0.0278334998334998,0.43304662004662,0.149296037296037,0.225368298368298,0.141498834498834,0.0109417249417249,0.0115790875790876,0.000180819180819181,0.000111888111888112,3.33000333000333e-06,5.99400599400599e-06,0.000125874125874126,7.99200799200799e-06
daVerOffi1,0.00711492338441039,0.55764290473018,0.144150566289141,0.2812618254497,0.00715156562291805,0.00223317788141239,0.000276815456362425,1.89873417721519e-05,3.66422385076616e-05,2.29846768820786e-05,2.43171219187209e-05,3.99733510992672e-05,2.53164556962025e-05
dcAgrGith1,0.0131170780520347,0.644132088058706,0.0517531687791861,0.26888158772515,0.019522014676451,0.00185623749166111,0.000342228152101401,5.80386924616411e-05,3.33555703802535e-06,1.36757838559039e-05,2.03468979319546e-05,8.57238158772515e-05,0.00021447631754503
dcCheAlbu1,0.0318389463154385,0.796646548849616,0.117293097699233,0.0423741247082361,0.00956185395131711,0.00136378792930977,0.00078592864288096,6.26875625208403e-05,1.83394464821607e-05,1.50050016672224e-05,3.00100033344448e-06,3.06768922974325e-05,6.00200066688896e-06
dcPolAvic1,0.131803732089304,0.671658447184272,0.114065311562812,0.0548780406531156,0.0238180606464512,0.00287870709763412,0.00020759746751083,0.00024758413862046,0.000139286904365212,3.16561146284572e-05,4.63178940353216e-05,1.89936687770743e-05,0.000206264578473842
ddPopNigr1,0.0948667554963358,0.615306129247169,0.00625649566955363,0.264343437708195,0.00624317121918721,0.0105496335776149,0.000704197201865423,0.00162225183211193,4.59693537641572e-05,3.99733510992672e-05,9.99333777481679e-06,3.3311125916056e-06,8.66089273817455e-06
ddPriVeri1,0.0139673442185938,0.545413195601466,0.00950449850049983,0.300232255914695,0.126404531822726,0.00333122292569144,0.000334888370543152,0.000502165944685105,4.83172275908031e-05,3.76541152949017e-05,7.99733422192603e-06,0.000201599466844385,1.43285571476175e-05
ddSalCapr1,0.152557147617461,0.58524758413862,0.0664848383872043,0.175825724758414,0.017481839386871,0.00127390869710097,0.000532822392535821,0.000502499166944352,6.59780073308897e-05,1.56614461846051e-05,7.33088970343219e-06,2.99900033322226e-06,1.66611129623459e-06
dhAlnGlut1,0.00715638546182061,0.489407802600867,0.0895775258419473,0.391673224408136,0.00498499499833278,0.0160070023341114,0.000930976992330777,0.00014971657219073,5.3351117039013e-05,1.43381127042347e-05,5.66855618539513e-06,9.33644548182728e-06,2.9676558852951e-05
dmBerVulg1,0.00648065376917945,0.445956971314209,0.0195740493662442,0.473157438292195,0.0511434289526351,0.00246764509673115,0.00101634422948632,7.40493662441628e-05,8.67244829886591e-06,3.56904603068712e-05,1.90126751167445e-05,8.67244829886591e-06,5.7371581054036e-05
drAilAlti1,0.0103148765843896,0.505578719146097,0.00298232154769847,0.44629119412942,0.00523582388258839,0.0287378252168112,0.000741494329553035,7.80520346897932e-05,9.33955970647098e-06,8.67244829886591e-06,1.46764509673115e-05,5.00333555703803e-06,2.00133422281521e-06
drBuxSemp1,0.0395371790596866,0.403413137712571,0.16561153717906,0.379857619206402,0.00866088696232077,0.00230676892297432,0.000273757919306435,7.96932310770257e-05,7.33577859286429e-05,0.000125041680560187,3.23441147049016e-05,8.33611203734578e-06,2.03401133711237e-05
drChaAngu1,0.0296263333333333,0.450036,0.00415433333333333,0.343199666666667,0.169411666666667,0.00300666666666667,0.000214333333333333,0.000178666666666667,1.66666666666667e-06,3.33333333333333e-07,4.26666666666667e-05,0.000116666666666667,1.1e-05
drCraLaev2,0.00598832944314772,0.409148716238746,0.008891963987996,0.564953651217072,0.00375558519506502,0.00683061020340113,0.000264088029343114,6.36878959653218e-05,5.40180060020007e-05,2.13404468156052e-05,1.43381127042347e-05,4.33477825941981e-06,9.33644548182728e-06
drFilUlma1,0.0236706706706707,0.591881214547881,0.012290957624291,0.331615949282616,0.038637971304638,0.00137871204537871,9.30930930930931e-05,0.000115782449115782,0.000170503837170504,4.37103770437104e-05,1.7017017017017e-05,6.20620620620621e-05,2.23556890223557e-05
drGeuUrba1,0.00455973377703827,0.320606322795341,0.00367420965058236,0.619887853577371,0.0455211314475874,0.0055351081530782,8.58569051580699e-05,6.95507487520799e-05,1.73044925124792e-05,1.96339434276206e-05,9.98336106489185e-07,8.98502495840266e-06,1.33111480865225e-05
drHedHeli1,0.00578152101400934,0.494776851234156,0.00711607738492328,0.406125083388926,0.0843619079386257,0.00139759839893262,0.000207805203468979,6.57104736490994e-05,4.96997998665777e-05,1.63442294863242e-05,4.10273515677118e-05,4.33622414943295e-05,1.70113408939293e-05
drIleAqui2,0.00521752165223185,0.423765489673551,0.00828680879413724,0.469804796802132,0.0901615589606929,0.00234943371085943,0.000252831445702865,6.32911392405063e-05,7.99467021985343e-06,4.63024650233178e-05,4.99666888740839e-06,1.33244503664224e-05,2.56495669553631e-05
drMalDome5,0.00555789122455789,0.365298965632299,0.00587387387387387,0.611456456456456,0.00572238905572239,0.00572405739072406,0.00022022022022022,4.6046046046046e-05,3.67033700367034e-05,1.56823490156823e-05,1.36803470136803e-05,1.73506840173507e-05,1.66833500166834e-05
drMalDome10,0.00516805601867289,0.361942647549183,0.00583094364788263,0.614530843614538,0.00532210736912304,0.00680493497832611,0.000226075358452818,2.93431143714572e-05,5.36845615205068e-05,3.86795598532844e-05,2.60086695565188e-05,1.83394464821607e-05,8.33611203734578e-06
drMalDome11,0.0049893368877041,0.369603465511496,0.00546084638453849,0.609066644451849,0.00483405531489503,0.00555448183938687,0.000274908363878707,6.53115628123959e-05,3.73208930356548e-05,1.29956681106298e-05,3.69876707764079e-05,4.23192269243585e-05,2.13262245918027e-05
drMalRobu1,0.00455718572857619,0.415110703567856,0.00714238079359787,0.56317639213071,0.00516538846282094,0.00430676892297432,0.000315771923974658,4.53484494831611e-05,2.26742247415805e-05,3.63454484828276e-05,2.1673891297099e-05,9.43647882627543e-05,5.00166722240747e-06
drMalSylv7,0.00478207264245252,0.364779406864379,0.00527090969676774,0.61354415194935,0.0053622125958014,0.00591936021326225,0.000231589470176608,2.96567810729757e-05,6.66444518493835e-07,1.86604465178274e-05,6.99766744418527e-06,4.13195601466178e-05,1.29956681106298e-05
drMedLupu1,0.188688207861426,0.369999000666223,0.0773530979347102,0.33246835443038,0.0154686875416389,0.00391872085276482,5.26315789473684e-05,0.000258827448367755,1.76548967355097e-05,0.0114157228514324,5.66289140572951e-05,0.000224183877415057,7.82811459027315e-05
drParJuda1,0.0223095634788404,0.586040986337887,0.0473825391536155,0.324840386537821,0.0178660446517827,0.00111829390203266,0.000165611462845718,0.000142619126957681,4.0653115628124e-05,5.6647784071976e-05,2.99900033322226e-06,1.66611129623459e-06,3.19893368877041e-05
drPotAnse1,0.006309,0.554102,0.00287833333333333,0.411258,0.020691,0.00442433333333333,0.000187333333333333,4.5e-05,9.33333333333333e-06,1.03333333333333e-05,3.33333333333333e-07,5.16666666666667e-05,3.33333333333333e-05
drPotSter1,0.00991841491841492,0.400382284382284,0.0035038295038295,0.477844488844489,0.104404595404595,0.00356876456876457,0.000133533133533134,0.000139194139194139,5.49450549450549e-05,8.65800865800866e-06,1.76490176490177e-05,1.06560106560107e-05,1.2987012987013e-05
drPruPadu1,0.00857223890557224,0.507673673673674,0.12410977644311,0.342728728728729,0.0130810810810811,0.00306506506506506,0.000320653987320654,0.000179179179179179,0.000149482816149483,3.13646980313647e-05,3.63697030363697e-05,1.23456790123457e-05,4.004004004004e-05
drPyrComm1,0.00457919306435479,0.481157052350784,0.0544701567189063,0.453325775258419,0.0034488162720907,0.00259419806602201,0.000157385795265088,1.50050016672224e-05,1.86728909636546e-05,0.000127709236412137,1.63387795931977e-05,7.26908969656552e-05,1.70056685561854e-05
drTriFrag1,0.00285933333333333,0.479705666666667,0.030975,0.458190666666667,0.025861,0.00195133333333333,0.000169666666666667,4.23333333333333e-05,1.1e-05,7.9e-05,3.4e-05,1e-06,0.00012
drTriSubt1,0.0328619079386257,0.462063709139426,0.0676427618412275,0.0925570380253502,0.0158859239492995,0.00530120080053369,0.000197131420947298,8.17211474316211e-05,0.000826884589726484,0.322489993328886,1.26751167444963e-05,6.93795863909273e-05,9.67311541027351e-06
drUmbRupe1,0.188781,0.655781333333333,0.116405666666667,0.0273203333333333,0.00488533333333333,0.001814,0.000281333333333333,0.00101666666666667,0.00296633333333333,0.000166333333333333,6.33333333333333e-06,0.000365333333333333,0.00021
drUrtUren1,0.0151067378252168,0.626664109406271,0.00362374916611074,0.33965610406938,0.0100336891260841,0.0029873248832555,0.00178418945963976,8.33889259506338e-05,2.63509006004003e-05,2.40160106737825e-05,1.66777851901268e-06,3.66911274182789e-06,5.00333555703803e-06
eaLuiSars1,0.0322211474316211,0.753347898599066,0.141556037358239,0.0243215476984656,0.035133422281521,0.0128148765843896,0.000156771180787191,0.000399266177451634,1.70113408939293e-05,6.6711140760507e-07,1.90126751167445e-05,3.00200133422282e-06,9.33955970647098e-06
eaMarGlac1,0.0324948350549817,0.70254448517161,0.197670776407864,0.0338727090969677,0.0304145284905032,0.00241652782405865,0.00021292902365878,0.000252915694768411,2.93235588137288e-05,1.56614461846051e-05,7.16427857380873e-05,1.33288903698767e-06,2.33255581472842e-06
ecAntBifi1,0.0362759080306564,0.721004665111629,0.0501282905698101,0.141493835388204,0.0428593802065978,0.00736021326224592,0.000556481172942353,0.000236254581806065,2.66577807397534e-06,3.33222259246918e-06,1.99933355548151e-05,4.49850049983339e-05,1.39953348883705e-05
fAbrBra2,0.00485857238158773,0.58560873915944,0.346082054703135,0.0296897931954636,0.0320903935957305,0.00112908605737158,0.000342895263509006,0.000100066711140761,2.26817878585724e-05,2.00133422281521e-06,4.00266844563042e-06,6.40426951300867e-05,5.6704469646431e-06
fAciRut3,0.00376807730756415,0.46246017994002,0.409722425858047,0.0446964345218261,0.0766681106297901,0.00231422859046984,0.000129956681106298,3.93202265911363e-05,4.53182272575808e-05,4.33188937020993e-06,0.00012329223592136,1.69943352215928e-05,1.13295568143952e-05
fBarBab1,0.0223317772590864,0.54681927309103,0.338108369456485,0.0116965655218406,0.0800373457819273,0.000632210736912304,0.000116372124041347,0.000188062687562521,5.00166722240747e-06,3.33444481493831e-07,8.33611203734578e-06,5.16838946315439e-05,4.66822274091364e-06
fBarBar1,0.0281348651348651,0.714829503829504,0.236539460539461,0.0033969363969364,0.0138121878121878,0.00142557442557443,5.2947052947053e-05,0.00080952380952381,9.55710955710956e-05,0.000136863136863137,5.66100566100566e-06,0.000733599733599734,2.73060273060273e-05
fBleOce1,0.0115524825058314,0.587723425524825,0.321133955348217,0.0118537154281906,0.0548527157614129,0.000779740086637787,0.000153615461512829,0.0117034321892702,2.33255581472842e-05,0.000192602465844718,1.83272242585805e-05,1.99933355548151e-06,1.06631122959014e-05
fCarCar2,0.00686991327551701,0.578299866577718,0.368730153435624,0.00758539026017345,0.0325193462308205,0.00402001334222815,0.0018152101400934,4.36957971981321e-05,6.6711140760507e-06,2.00133422281521e-06,8.00533689126084e-05,2.33488992661775e-06,2.53502334889927e-05
fCheLab1,0.00525666666666667,0.607279333333333,0.343782666666667,0.0358453333333333,0.00654866666666667,0.000956666666666667,0.000101666666666667,4.8e-05,3.6e-05,5.33333333333333e-06,2.06666666666667e-05,6.56666666666667e-05,5.33333333333333e-05
fConCon1,0.00453582139286904,0.514766411196268,0.416893368877041,0.012487170943019,0.0477967344218594,0.00231922692435855,0.000219260246584472,4.93168943685438e-05,1.1996001332889e-05,1.83272242585805e-05,2.63245584805065e-05,0.000142952349216928,0.000733088970343219
fCycLum2,0.004679,0.685190333333333,0.280411333333333,0.00927633333333333,0.0123276666666667,0.005343,0.002437,0.000134666666666667,3.16666666666667e-05,1.66666666666667e-05,9.46666666666667e-05,3.33333333333333e-06,5.43333333333333e-05
fDanRer4,0.00605035011670557,0.615978659553184,0.26216072024008,0.0225371790596866,0.00518606202067356,0.0877332444148049,8.9029676558853e-05,0.000101033677892631,6.00200066688896e-06,8.00266755585195e-06,2.00066688896299e-05,0.000113037679226409,1.66722240746916e-05
fEchVip8,0.023997997997998,0.620249249249249,0.297013346680013,0.0109179179179179,0.0214994994994995,0.0254744744744745,0.00010643977310644,0.000197530864197531,0.000194861528194862,0.00019285952619286,6.30630630630631e-05,2.23556890223557e-05,7.04037370704037e-05
fEutGur1,0.0158278278278278,0.616765765765766,0.33204971638305,0.00822055388722055,0.00554454454454454,0.02063997330664,0.000321321321321321,0.00049315982649316,2.06873540206874e-05,2.9029029029029e-05,7.34067400734067e-06,1.2012012012012e-05,6.80680680680681e-05
fGobGob1,0.00376401869158878,0.640292389853138,0.308165220293725,0.00412449933244326,0.0418234312416555,0.00141488651535381,9.84646194926569e-05,0.000185580774365821,2.20293724966622e-05,6.67556742323098e-06,2.16955941255007e-05,7.97730307076101e-05,1.33511348464619e-06
fGobNig1,0.00867989329776592,0.706286428809603,0.26120306768923,0.0113251083694565,0.00848249416472157,0.00366555518506169,9.00300100033344e-05,3.20106702234078e-05,3.90130043347783e-05,0.000105701900633545,7.33577859286429e-06,5.00166722240747e-05,3.33444481493831e-05
fHypImm3,0.00427851901267512,0.629336224149433,0.345013342228152,0.00851801200800534,0.00872848565710474,0.00243695797198132,0.0015400266844563,6.60440293529019e-05,5.6704469646431e-06,7.33822548365577e-06,2.368245496998e-05,8.33889259506338e-06,3.73582388258839e-05
fLabBer1,0.00489529843281094,0.540673891297099,0.41792864288096,0.022242414138046,0.011947982660887,0.00198232744248083,0.000152050683561187,2.5675225075025e-05,4.53484494831611e-05,1.66722240746916e-06,1.23374458152718e-05,4.86828942980994e-05,4.36812270756919e-05
fLabMix1,0.00448932621747832,0.512742494996664,0.42524649766511,0.0307388258839226,0.02454736490994,0.00156370913942628,0.000495663775850567,6.23749166110741e-05,3.33555703802535e-06,2.66844563042028e-06,8.40560373582388e-05,1.56771180787191e-05,8.00533689126084e-06
fLipPho2,0.00862937062937063,0.606535464535465,0.348765900765901,0.0144372294372294,0.0172400932400932,0.00365934065934066,0.000238761238761239,8.85780885780886e-05,0.000124542124542125,0.000194472194472194,0,6.32700632700633e-06,7.99200799200799e-05
fMicPou1,0.00395866666666667,0.530871666666667,0.430504333333333,0.015465,0.0136833333333333,0.00513933333333333,0.000116333333333333,0.000102,2.66666666666667e-05,3.73333333333333e-05,1.3e-05,3.5e-05,4.73333333333333e-05
fMicVar1,0.0152359213595468,0.589679106964345,0.354301566144618,0.00963612129290237,0.0174121959346884,0.0128257247584139,0.000101966011329557,0.000542485838053982,0.000100299900033322,7.16427857380873e-05,1.33288903698767e-06,7.09763412195935e-05,2.06597800733089e-05
fPhoGun1,0.00348868175765646,0.611973368841545,0.364315579227696,0.00763715046604527,0.0101517976031957,0.00201564580559254,0.000135486018641811,8.08921438082557e-05,9.32090545938748e-05,3.3288948069241e-05,5.49267643142477e-05,1.36484687083888e-05,6.32490013315579e-06
fPhoPho1,0.00898700433188937,0.729648450516495,0.238651116294568,0.00354581806064645,0.01538053982006,0.00346817727424192,0.000117960679773409,0.00016427857380873,6.66444518493835e-07,2.56581139620127e-05,2.66577807397534e-06,2.99900033322226e-06,4.66511162945685e-06
fPlaFle2,0.0304831498164831,0.667498832165499,0.270268268268268,0.00333433433433433,0.0252679346012679,0.00201835168501835,0.000142809476142809,0.000213213213213213,0.000630296963630297,4.37103770437104e-05,5.83917250583917e-05,9.00900900900901e-06,3.16983650316984e-05
fPlePla1,0.0301075591075591,0.685686646686647,0.250687645687646,0.00565834165834166,0.0246160506160506,0.00241458541458541,0.000131868131868132,0.000154845154845155,0.000340992340992341,0.000117216117216117,5.32800532800533e-05,2.2977022977023e-05,7.99200799200799e-06
fPolPol2,0.0111113704568189,0.680973657885962,0.291839946648883,0.00381660553517839,0.00958186062020674,0.00207169056352117,0.000307769256418806,0.000182394131377126,1.9673224408136e-05,1.66722240746916e-05,6.86895631877292e-05,1.66722240746916e-06,8.00266755585195e-06
fPunPun2,0.0539570286475683,0.609530646235843,0.227700866089274,0.00398067954696869,0.0129766822118588,0.0889923384410393,0.0001072618254497,0.000313790806129247,5.42971352431712e-05,0.002236508994004,9.66022651565623e-06,0.000133244503664224,6.99533644237175e-06
fRutRut2,0.00876525508502834,0.675283094364788,0.29235711903968,0.00715838612870957,0.0148802934311437,0.00111037012337446,0.000215071690563521,0.000115705235078359,6.00200066688896e-06,5.5351783927976e-05,3.00100033344448e-05,1.30043347782594e-05,1.03367789263088e-05
fScoMax1,0.0128221554888222,0.67549049049049,0.295768768768769,0.0032022022022022,0.00932032032032032,0.00251718385051718,0.000190857524190858,0.000248581915248582,2.66933600266934e-05,0.000157157157157157,6.40640640640641e-05,6.30630630630631e-05,0.000128461795128462
fScoSco1,0.035464,0.597762333333333,0.285427,0.053711,0.0238863333333333,0.002608,0.000557333333333333,0.000262666666666667,4.96666666666667e-05,0.000222666666666667,2.4e-05,2.16666666666667e-05,3.33333333333333e-06
fSprSpr1,0.0103493493493493,0.646553887220554,0.286442108775442,0.00332399065732399,0.0459592926259593,0.00550016683350017,0.00146312979646313,0.000318318318318318,3.33667000333667e-07,1.96863530196864e-05,1.001001001001e-06,4.004004004004e-06,6.47313980647314e-05
fSquCep2,0.00420579420579421,0.618365967365967,0.317186813186813,0.0144445554445554,0.0443356643356643,0.0011038961038961,0.000265734265734266,4.66200466200466e-05,1.26540126540127e-05,3.33000333000333e-07,1.73160173160173e-05,9.99000999000999e-06,4.66200466200466e-06
fSymMel2,0.00415194935021659,0.603907697434189,0.366117294235255,0.0138593802065978,0.00985538153948684,0.00169110296567811,0.000188603798733755,7.93068977007664e-05,3.33222259246918e-05,4.53182272575808e-05,4.66511162945685e-06,2.53248917027657e-05,4.0653115628124e-05
fSynAcu2,0.121891333333333,0.608839666666667,0.234571666666667,0.0127556666666667,0.00646666666666667,0.00835566666666667,0.00348,0.000234666666666667,0.000333333333333333,0.00301866666666667,1.06666666666667e-05,1.2e-05,3e-05
fTauBub2,0.0100336891260841,0.695570380253502,0.250189126084056,0.0307428285523682,0.0053949299533022,0.00759439626417612,0.000254836557705137,0.000103068712474983,1.36757838559039e-05,7.53835890593729e-05,1.33422281521014e-06,1.83455637091394e-05,8.00533689126084e-06
fTelBon1,0.0104836666666667,0.562036333333333,0.381191,0.00953366666666667,0.032804,0.002388,0.000159,0.00133766666666667,8.33333333333333e-06,1.66666666666667e-06,3.1e-05,8e-06,1.76666666666667e-05
fThuMac1,0.0103557628247835,0.477511325782811,0.442637574950033,0.0590423051299134,0.00390972684876749,0.0059636908727515,0.000378081279147235,9.96002664890073e-05,3.86409060626249e-05,2.86475682878081e-05,2.23184543637575e-05,1.1325782811459e-05,9.99333777481679e-07
fTraTra1,0.00674391463821274,0.606474491497166,0.332520506835612,0.0419389796598866,0.00561820606868956,0.00620940313437813,0.000291097032344115,7.93597865955318e-05,3.00100033344448e-05,5.66855618539513e-06,2.3674558186062e-05,5.00166722240747e-06,5.96865621873958e-05
fZeuFab8,0.022562,0.641591666666667,0.296014333333333,0.00441966666666667,0.00770733333333333,0.00289366666666667,0.000678666666666667,0.0231293333333333,3.13333333333333e-05,0.000924666666666667,1.2e-05,1.4e-05,2.13333333333333e-05
gfAgaBisp1,0.030920306768923,0.767810603534511,0.0288979659886629,0.143689563187729,0.0184151383794598,0.00971823941313771,0.000356785595198399,0.000134378126042014,1.26708902967656e-05,5.00166722240747e-06,6.66888962987663e-06,2.7675891963988e-05,5.00166722240747e-06
gfClaFumo1,0.0834821726091303,0.314900366544485,0.270729756747751,0.316077307564145,0.00512062645784738,0.00822492502499167,0.00137987337554149,4.99833388870377e-05,1.83272242585805e-05,2.99900033322226e-06,6.66444518493835e-07,5.33155614795068e-06,7.66411196267911e-06
gfLaeSulp1,0.0780459693537642,0.733487341772152,0.123419053964024,0.015053964023984,0.00749766822118588,0.0412818121252498,0.000271485676215856,0.000865089940039973,4.13057961359094e-05,4.99666888740839e-06,9.99333777481679e-07,1.69886742171885e-05,1.33244503664224e-05
gfPleOstr1,0.0213245496997999,0.703199466310874,0.00788792528352235,0.236009006004003,0.0255390260173449,0.00575250166777852,0.000180787191460974,1.33422281521014e-05,3.73582388258839e-05,3.10206804536358e-05,6.6711140760507e-07,1.23415610406938e-05,1.20080053368913e-05
gfPorCaly1,0.00529643214404802,0.132982660886962,0.301110703567856,0.548278092697566,0.00288029343114371,0.00916305435145048,9.56985661887296e-05,1.53384461487162e-05,1.33377792597533e-06,1.33377792597533e-05,3.56785595198399e-05,0.000121373791263755,6.00200066688896e-06
gsMetZobe1,0.0482579140286571,0.82673442185938,0.00229956681106298,0.0521886037987338,0.0208780406531156,0.0490416527824059,0.000188937020993002,9.63012329223592e-05,8.99700099966678e-05,5.96467844051983e-05,3.66544485171609e-06,0.000100299900033322,6.09796734421859e-05
iHemFuc1.iHemFuc2,0.00455551850616872,0.974847282427476,0.0017622540846949,0.00325308436145382,0.00943014338112704,0.00567155718572858,0.000317105701900634,8.1027009003001e-05,4.33477825941981e-06,6.36878959653218e-05,1.33377792597533e-06,1.66722240746916e-06,1.10036678892964e-05
icAdaBipu1,0.00474458152717573,0.720603867955985,0.00687962654218073,0.00514338112704235,0.0310873624541514,0.231117039013004,0.00026808936312104,5.60186728909637e-05,2.20073357785929e-05,2.53417805935312e-05,1.46715571857286e-05,3.60120040013338e-05,2.00066688896299e-06
icAdaBipu1.icAdaBipu6,0.00510393071285809,0.720120586275816,0.00510093271152565,0.0047128580946036,0.0319060626249167,0.232465689540306,0.00024383744170553,0.000165889407061959,9.99333777481679e-07,1.89873417721519e-05,0.000149900066622252,9.99333777481679e-06,3.3311125916056e-07
icAdaBipu1.icAdaBipu9,0.00410666666666667,0.725291666666667,0.00525966666666667,0.004844,0.0282723333333333,0.231819333333333,0.000166333333333333,8.83333333333333e-05,6.5e-05,4.1e-05,1.66666666666667e-06,3.33333333333333e-07,4.36666666666667e-05
icAdaBipu1.icAdaBipu15,0.00440613537845949,0.721091030343448,0.00477892630876959,0.00427275758586195,0.0289669889963321,0.235969656552184,0.000262754251417139,9.10303434478159e-05,4.76825608536179e-05,2.9676558852951e-05,1.9673224408136e-05,1.03367789263088e-05,5.3351117039013e-05
icAdaBipu1.icAdaBipu20,0.00490233333333333,0.715825,0.00670933333333333,0.005583,0.0330016666666667,0.233485,0.000212,0.000139333333333333,7.13333333333333e-05,2.83333333333333e-05,1.93333333333333e-05,1.66666666666667e-05,6.66666666666667e-06
icAdaBipu1.icAdaBipu28,0.00466788929643214,0.723853951317106,0.00486562187395799,0.00482194064688229,0.0283074358119373,0.233026675558519,0.000206402134044682,8.1027009003001e-05,5.7352450816939e-05,2.7675891963988e-05,2.60086695565188e-05,2.13404468156052e-05,3.66788929643214e-05
icAdaBipu1.icAdaBipu29,0.0046918972990997,0.723717239079693,0.00466255418472824,0.00449683227742581,0.0286688896298766,0.233262420806936,0.000261753917972658,0.000148716238746249,3.63454484828276e-05,1.50050016672224e-05,1.36712237412471e-05,1.46715571857286e-05,1.00033344448149e-05
icAdaBipu1.icAdaBipu31,0.004667,0.723293,0.00443633333333333,0.005535,0.0282386666666667,0.233295666666667,0.000264666666666667,0.000131666666666667,4.8e-05,1.03333333333333e-05,3.8e-05,2.93333333333333e-05,1.23333333333333e-05
icAdaBipu1.icAdaBipu32,0.00455422088755422,0.722026026026026,0.00493793793793794,0.00475575575575576,0.029983983983984,0.233292625959293,0.000208208208208208,7.14047380714047e-05,3.7037037037037e-05,4.43777110443777e-05,7.07374040707374e-05,0,1.76843510176843e-05
icAdaBipu1.icAdaBipu33,0.00447733333333333,0.723293,0.00508266666666667,0.00482866666666667,0.0292026666666667,0.232615,0.000264,8.63333333333333e-05,5.7e-05,2.63333333333333e-05,4.63333333333333e-05,1.93333333333333e-05,1.33333333333333e-06
icAdaBipu1.icAdaBipu34,0.00504134711570524,0.723817939313104,0.00475758586195398,0.00462087362454151,0.027351117039013,0.233849949983328,0.000248416138712904,6.66888962987663e-05,3.03434478159386e-05,5.60186728909637e-05,0.000106702234078026,3.06768922974325e-05,2.23407802600867e-05
icAdaBipu1.icAdaBipu36,0.004894,0.724200666666667,0.00446266666666667,0.003808,0.0282706666666667,0.234036,0.000146666666666667,8.76666666666667e-05,2.66666666666667e-05,8e-06,1.7e-05,3.16666666666667e-05,1.03333333333333e-05
icAgoFuli1,0.0220006664445185,0.768974008663779,0.00111996001332889,0.00193502165944685,0.180775741419527,0.0243015661446185,0.000254248583805398,0.000410863045651449,5.6647784071976e-06,4.73175608130623e-05,6.33122292569144e-06,0.000112295901366211,5.63145618127291e-05
icAgrCyan1,0.0217952650883628,0.942159053017673,0.000687229076358786,0.00137012337445815,0.0115615205068356,0.0217119039679893,0.000385461820606869,6.20206735578526e-05,2.33411137045682e-06,2.20073357785929e-05,1.83394464821607e-05,8.03601200400133e-05,0.000144381460486829
icAgrMuri1,0.0107330889703432,0.729293235588137,0.0222272575808064,0.0294741752749084,0.150859046984339,0.0568430523158947,0.000340886371209597,0.000111296234588471,6.4645118293902e-05,1.56614461846051e-05,1.83272242585805e-05,1.16627790736421e-05,7.66411196267911e-06
icAnaMacu3,0.0159956652217406,0.581034344781594,0.00100833611203735,0.00251217072357452,0.0108809603201067,0.38743081027009,0.000183727909303101,0.000864954984994998,6.66888962987663e-06,3.06768922974325e-05,1.53384461487162e-05,2.50083361120373e-05,1.13371123707903e-05
icApoCory1,0.0272144048016005,0.927636878959653,0.00209869956652217,0.00259553184394798,0.0348022674224742,0.00492864288096032,9.36978992997666e-05,0.000122374124708236,0.000195065021673891,0.000108036012004001,5.7352450816939e-05,7.03567855951984e-05,7.66922307435812e-05
icCanRust1,0.213642,0.620815333333333,0.007857,0.0318883333333333,0.054487,0.0709003333333333,0.000262666666666667,8.6e-05,1.03333333333333e-05,4.66666666666667e-06,3e-06,2.36666666666667e-05,1.96666666666667e-05
icCanRust1.icCanRust3,0.210934666666667,0.640272666666667,0.00537066666666667,0.020647,0.0522333333333333,0.070138,0.000253333333333333,6.16666666666667e-05,5.5e-05,1.16666666666667e-05,3.66666666666667e-06,1.36666666666667e-05,4.66666666666667e-06
icCetAura1,0.0158917388407728,0.956371085942705,0.00151299133910726,0.00282678214523651,0.0159790139906729,0.00682544970019987,0.000217188540972685,5.72951365756163e-05,4.33044636908728e-05,7.89473684210526e-05,1.36575616255829e-05,6.62891405729514e-05,0.000116255829447035
icChrOric1,0.00963503163503164,0.60108325008325,0.00575591075591076,0.0143543123543124,0.0587902097902098,0.119136863136863,0.000454878454878455,0.190686646686647,1.66500166500167e-05,2.26440226440226e-05,1.8981018981019e-05,3.92940392940393e-05,5.32800532800533e-06
icCocSept1,0.00467533333333333,0.775270333333333,0.00759566666666667,0.00909166666666667,0.028501,0.174483666666667,0.000178333333333333,5.66666666666667e-05,1.36666666666667e-05,4.53333333333333e-05,3.73333333333333e-05,4e-06,4.7e-05
icCryMora2,0.0100086724482989,0.931788859239493,0.00098032021347565,0.00255770513675784,0.0200897264843229,0.0338525683789193,0.000514009339559706,7.07138092061374e-05,5.27018012008005e-05,5.33689126084056e-05,1.8679119412942e-05,1.23415610406938e-05,3.33555703802535e-07
icElmAene2,0.0115553702468312,0.843056037358239,0.00375750500333556,0.00767444963308873,0.0110343562374917,0.121743495663776,0.000286190793862575,0.000794863242161441,2.80186791194129e-05,3.3689126084056e-05,1.06737825216811e-05,1.20080053368913e-05,1.33422281521014e-05
icHalSede1,0.00771304926764314,0.915222370173102,0.00889380825565912,0.00400233022636485,0.0347190412782956,0.0290838881491345,0.00011884154460719,3.49533954727031e-05,6.52463382157124e-05,1.03195739014647e-05,3.02929427430093e-05,5.09320905459387e-05,5.49267643142477e-05
icHarAxyr1,0.00395371295371295,0.730578088578089,0.0110782550782551,0.0124658674658675,0.0431495171495171,0.19836963036963,0.000147852147852148,0.0001002331002331,1.66500166500167e-05,5.99400599400599e-06,3.996003996004e-06,5.52780552780553e-05,7.49250749250749e-05
icLagHirt1,0.219485495165055,0.571924974991664,0.00112704234744915,0.001594864954985,0.0234871623874625,0.181703567855952,0.000163054351450484,2.50083361120373e-05,6.66888962987663e-07,3.13437812604201e-05,0.000436478826275425,1.76725575191731e-05,2.66755585195065e-06
icLeiSpin1,0.0839229743247749,0.845063687895965,0.00118739579859953,0.00168922974324775,0.0651477159053018,0.00243747915971991,0.000441813937979326,3.33444481493831e-05,0,1.06702234078026e-05,4.76825608536179e-05,6.00200066688896e-06,1.20040013337779e-05
icLepMacu1,0.00748865910607071,0.822788859239493,0.02281754503002,0.0469919946631087,0.093190793862575,0.00460973982655103,0.00186257505003336,0.000192795196797865,3.63575717144763e-05,4.00266844563042e-06,9.00600400266845e-06,7.33822548365577e-06,3.33555703802535e-07
icLocCapr1,0.00727777777777778,0.745615435795076,0.00350998003992016,0.0118902195608782,0.0944870259481038,0.136801729873586,0.000203592814371257,7.18562874251497e-05,4.0585495675316e-05,1.46373918829009e-05,2.49500998003992e-05,1.69660678642715e-05,4.52428476380572e-05
icLocCrat2,0.00368333333333333,0.746924,0.00198766666666667,0.00483466666666667,0.106790333333333,0.135004333333333,0.000385,4.6e-05,2.63333333333333e-05,3.33333333333333e-07,0.000199,6.5e-05,5.4e-05
icMalBipu1,0.0118440519826724,0.864134621792736,0.00336287904031989,0.0073458847050983,0.093916361212929,0.0189363545484838,0.000152949016994335,0.00016427857380873,5.09830056647784e-05,2.73242252582473e-05,4.99833388870377e-05,1.1996001332889e-05,2.33255581472842e-06
icMelMelo1,0.00998499499833278,0.856062020673558,0.00268956318772924,0.00643947982660887,0.120792597532511,0.00372757585861954,0.000122374124708236,4.60153384461487e-05,7.00233411137046e-06,1.80060020006669e-05,7.73591197065689e-05,6.33544514838279e-06,2.66755585195065e-05
icNebBrev1,0.0227741827885257,0.867985323549033,0.00356904603068712,0.00565543695797198,0.097900266844563,0.00171480987324883,0.000239826551034023,7.90527018012008e-05,4.00266844563042e-06,3.00200133422282e-05,1.10073382254837e-05,2.40160106737825e-05,1.30086724482989e-05
icNebSali1,0.0163564290473018,0.92264290473018,0.00234277148567622,0.00399866755496336,0.0521329113924051,0.00194503664223851,0.000421718854097268,0.000106262491672219,6.66222518321119e-07,2.66489007328448e-06,1.99866755496336e-06,2.16522318454364e-05,2.63157894736842e-05
icOcyOlen1,0.00491730576858953,0.934962320773591,0.00623641213737913,0.0329893297765922,0.00973924641547182,0.0107165721907302,6.30210070023341e-05,0.000247082360786929,2.1673891297099e-05,6.23541180393465e-05,3.00100033344448e-06,2.03401133711237e-05,2.13404468156052e-05
icOphArdo1,0.00312266666666667,0.878296666666667,0.002346,0.00515233333333333,0.108551333333333,0.00227333333333333,0.000195666666666667,2.86666666666667e-05,1.3e-05,4.33333333333333e-06,5.33333333333333e-06,0,1.06666666666667e-05
icPhiCogn1,0.0104911637212404,0.875807602534178,0.00242747582527509,0.00880260086695565,0.00651617205735245,0.0956658886295432,0.000208402800933645,4.26808936312104e-05,8.66955651883961e-06,1.13371123707903e-05,7.00233411137046e-06,3.33444481493831e-06,7.66922307435812e-06
icPodAlpi1,0.0159726301735648,0.818966622162884,0.00462249666221629,0.0465076769025367,0.0984616154873164,0.0148895193591455,0.000361148197596796,5.54072096128171e-05,1.66889185580774e-05,5.50734312416555e-05,1.00133511348465e-05,5.57409879839786e-05,2.53671562082777e-05
icPolCerv1,0.0124284761587196,0.766332110703568,0.00684428142714238,0.0176725575191731,0.0361047015671891,0.159951983994665,0.000273424474824942,0.000310770256752251,2.03401133711237e-05,2.53417805935312e-05,1.16705568522841e-05,1.30043347782594e-05,1.13371123707903e-05
icPteMadi1,0.00744122544122544,0.808805860805861,0.0016953046953047,0.00225074925074925,0.175879786879787,0.00282817182817183,0.00046020646020646,8.65800865800866e-05,6.66000666000666e-06,3.03030303030303e-05,7.99200799200799e-06,0.000283716283716284,0.000223443223443223
icPteMadi1.icPteMadi3,0.008128,0.812431333333333,0.00149066666666667,0.001956,0.171396666666667,0.003128,0.000930666666666667,0.000115666666666667,2.66666666666667e-06,7.66666666666667e-06,1.2e-05,0.000160666666666667,0.00024
icPyrSerr1,0.20656647784072,0.66123458847051,0.00136954348550483,0.0024645118293902,0.0184168610463179,0.108521826057981,0.00120493168943685,7.13095634788404e-05,2.53248917027657e-05,3.59880039986671e-05,1.39953348883705e-05,1.89936687770743e-05,5.56481172942353e-05
icRhaFulv1,0.258927024325225,0.598065978007331,0.0148373875374875,0.054950016661113,0.0402422525824725,0.0322275908030656,0.000580806397867378,7.73075641452849e-05,4.39853382205931e-05,4.99833388870377e-06,1.66611129623459e-06,1.79940019993336e-05,2.29923358880373e-05
icSilAtra2,0.0138530979347102,0.885110592938041,0.00146069287141905,0.00232311792138574,0.0826175882744837,0.0142931379080613,3.39773484343771e-05,5.06329113924051e-05,8.56095936042638e-05,5.02998001332445e-05,7.66155896069287e-06,6.32911392405063e-05,5.02998001332445e-05
idAcrOrbc1,0.0277114743162108,0.908305537024683,0.00941360907271514,0.0119569713142095,0.0391280853902602,0.00310306871247498,0.000134422948632422,9.50633755837225e-05,6.77118078719146e-05,3.96931287525017e-05,6.6711140760507e-07,3.66911274182789e-05,7.00466977985324e-06
idBacElon1,0.0238643785404865,0.923751749416861,0.00426824391869377,0.00509430189936688,0.0251216261246251,0.0170176607797401,0.000456514495168277,0.00020759746751083,7.43085638120626e-05,0.000108630456514495,6.66444518493835e-07,2.19926691102966e-05,1.2329223592136e-05
idBelPand1,0.0288251001335113,0.840620827770361,0.00119592790387183,0.00260146862483311,0.111049399198932,0.0151945927903872,0.00010347129506008,0.000105140186915888,1.90253671562083e-05,9.11214953271028e-05,2.33644859813084e-05,0.000164552736982644,6.00801068090788e-06
idBerChal2,0.0166492164054685,0.907186728909637,0.00156652217405802,0.00231677225741914,0.064000666888963,0.0075081693897966,0.000530843614538179,6.73557852617539e-05,1.10036678892964e-05,4.96832277425809e-05,6.10203401133711e-05,1.23374458152718e-05,3.96798932977659e-05
idBibMarc1,0.00552117372457486,0.729025008336112,0.00321540513504501,0.00428176058686229,0.253857619206402,0.00362387462487496,7.9026342114038e-05,5.86862287429143e-05,1.90063354451484e-05,4.16805601867289e-05,2.10070023341114e-05,0.000225075025008336,3.06768922974325e-05
idBleFall4,0.00780366666666667,0.929328333333333,0.00239,0.00423566666666667,0.043781,0.0119246666666667,7.9e-05,0.000272666666666667,7.33333333333333e-06,1.6e-05,4.66666666666667e-06,0.000115666666666667,4.13333333333333e-05
idBomDisc1,0.0292655781406198,0.778719093635455,0.00129090303232256,0.0024381872709097,0.0145814728423859,0.0435221592802399,0.129831389536821,0.000275241586137954,5.33155614795068e-06,3.39886704431856e-05,2.33255581472842e-06,2.06597800733089e-05,1.36621126291236e-05
idBomMajo1,0.018661892071952,0.832050632911392,0.00369720186542305,0.00860326449033977,0.0190612924716855,0.0324060626249167,0.0852495003331113,0.000137908061292472,5.02998001332445e-05,1.33244503664224e-05,9.99333777481679e-06,4.33044636908728e-05,1.53231179213857e-05
