,0,1,2,3,4,5,6,7,8,9,10,11,12,13,14,15,16,17,18
bAccGen1,0.0116465488496165,0.0900306768922974,0.177042014004668,0.708081360453484,0.00265621873957986,0.00184794931643881,0.00391797265755252,0.000529509836612204,0.000155385128376125,2.00066688896299e-06,0.000105035011670557,0.00348882960986996,5.23507835945315e-05,1.10036678892964e-05,0.00035511837279093,5.00166722240747e-05,1.83394464821607e-05,8.66955651883961e-06,1.00033344448149e-06
bAnaAcu1,0.00293533333333333,0.144396,0.130234666666667,0.672543333333333,0.036714,0.00794333333333333,0.002472,0.00230033333333333,0.000131,9.33333333333333e-06,8e-06,8.8e-05,3.96666666666667e-05,1.26666666666667e-05,2.4e-05,5.33333333333333e-05,2.1e-05,4.66666666666667e-06,6.93333333333333e-05
bAnsBra1,0.00285009993337775,0.124038307794803,0.180246835443038,0.674856762158561,0.0102348434377082,0.00488507661558961,0.00161558960692871,0.000872085276482345,0.000210859427048634,1.33244503664224e-06,2.99800133244504e-05,1.36575616255829e-05,5.2964690206529e-05,7.66155896069287e-06,1.46568954030646e-05,6.66222518321119e-07,2.36508994003997e-05,1.33244503664224e-05,3.16455696202532e-05
bCinCin1,0.00557128580946036,0.117898067954697,0.257279813457695,0.598030979347102,0.00634077281812125,0.0120672884743504,0.00151865423051299,0.00087508327781479,0.000110592938041306,1.79880079946702e-05,2.13191205862758e-05,6.39573617588274e-05,5.72951365756163e-05,3.9307128580946e-05,2.63157894736842e-05,2.83144570286476e-05,2.73151232511659e-05,2.66489007328448e-06,2.29846768820786e-05
bClaHye2,0.00366055351783928,0.121217072357452,0.149368122707569,0.695078692897633,0.0218296098699567,0.00507935978659553,0.0019839946648883,0.00117905968656219,0.00032810936978993,1.33377792597533e-06,1.06702234078026e-05,2.9676558852951e-05,0.000184061353784595,1.53384461487162e-05,5.66855618539513e-06,7.33577859286429e-06,0,4.00133377792598e-06,1.73391130376792e-05
bFriCoe1,0.00757495003331113,0.177775149900067,0.305900399733511,0.4937381745503,0.0072744836775483,0.00513590939373751,0.00118954030646236,0.000972684876748834,0.000147901399067288,2.96469020652898e-05,5.99600266489007e-05,4.4636908727515e-05,3.3311125916056e-05,6.69553630912725e-05,2.33177881412392e-06,3.53097934710193e-05,6.66222518321119e-07,1.53231179213857e-05,2.66489007328448e-06
bLarFus1,0.00268389463154385,0.0547695898632878,0.170098032677559,0.759335111703901,0.00502634211403801,0.00423407802600867,0.00287629209736579,0.000547515838612871,9.10303434478159e-05,3.90130043347783e-05,4.63487829276425e-05,2.9676558852951e-05,4.33477825941981e-05,1.46715571857286e-05,0.000130710236745582,1.00033344448149e-05,2.66755585195065e-06,1.60053351117039e-05,5.66855618539513e-06
bPhaCar2,0.00288170609796734,0.108532489170277,0.137046651116295,0.738810063312229,0.00415594801732756,0.00273975341552816,0.00437554148617128,0.000770409863378874,8.76374541819393e-05,1.13295568143952e-05,7.43085638120627e-05,0.00013295568143952,6.26457847384205e-05,6.4645118293902e-05,0.000144618460513162,3.39886704431856e-05,3.79873375541486e-05,2.69910029990003e-05,1.03298900366544e-05
bTetUro1,0.00269576807730756,0.133209596801066,0.12742052649117,0.722945018327224,0.0082265911362879,0.00172575808063979,0.00259113628790403,0.000458180606464512,0.000400533155614795,1.89936687770743e-05,1.53282239253582e-05,0.000177940686437854,1.69943352215928e-05,1.39953348883705e-05,4.33188937020993e-05,8.66377874041986e-06,6.99766744418527e-06,5.33155614795068e-06,1.93268910363212e-05
daAjuCham1,0.00450450150050017,0.197834944981661,0.318592197399133,0.0624451483827943,0.331576192064021,0.0517052350783595,0.00167755918639547,0.0304224741580527,0.000330776925641881,0,4.90163387795932e-05,8.56952317439146e-05,0.000267755918639547,7.20240080026676e-05,3.46782260753585e-05,1.33377792597533e-06,3.60120040013338e-05,1.80060020006669e-05,0.000346448816272091
daArcMinu1,0.0505344655344655,0.0950639360639361,0.200060939060939,0.0566393606393606,0.307250749250749,0.0114945054945055,0.00355444555444555,0.27444955044955,9.85680985680986e-05,1.4985014985015e-05,0.0001002331002331,9.22410922410922e-05,0.00013020313020313,2.0979020979021e-05,2.83050283050283e-05,3.4965034965035e-05,5.1948051948052e-05,5.39460539460539e-05,0.000325674325674326
daBalNigr1,0.00708633333333333,0.187530666666667,0.155314333333333,0.014238,0.426839,0.032633,0.00176666666666667,0.173309333333333,0.000472666666666667,1.13333333333333e-05,2.03333333333333e-05,5.46666666666667e-05,2.36666666666667e-05,0.000259666666666667,8e-06,6.66666666666667e-07,1e-06,0.000112666666666667,0.000318
daLigVulg1,0.00426766666666667,0.124082,0.222294666666667,0.021595,0.403168666666667,0.0823133333333333,0.00274333333333333,0.138968333333333,0.000323,2.33333333333333e-06,8.33333333333333e-06,7e-06,8.33333333333333e-05,9.36666666666667e-05,2.66666666666667e-06,2.8e-05,3.33333333333333e-07,2.66666666666667e-06,1.56666666666667e-05
daLinVulg1,0.00371,0.140224333333333,0.270495,0.003274,0.416109,0.023943,0.00288933333333333,0.138700333333333,0.000165666666666667,4.66666666666667e-06,4.9e-05,0.000111,0.000124,4.33333333333333e-05,7.8e-05,3.6e-05,3e-06,4.33333333333333e-06,3.6e-05
daMisOron1,0.00762703962703963,0.261836496836497,0.367607725607726,0.0975051615051615,0.255262071262071,0.00561471861471861,0.00265867465867466,0.00088011988011988,0.000420579420579421,1.7982017982018e-05,1.998001998002e-05,2.997002997003e-05,0.000246420246420246,0.00010955710955711,1.0989010989011e-05,2.66400266400266e-06,4.32900432900433e-06,0.000141858141858142,3.66300366300366e-06
daPseLute1,0.00517727424191936,0.266484505164945,0.192067310896368,0.0818583805398201,0.378177940686438,0.0126994335221593,0.00276641119626791,0.0564338553815395,0.000183605464845052,1.33288903698767e-05,0.00016861046317894,0.000183938687104299,0.00354348550483172,0.000107297567477508,8.99700099966678e-06,5.6647784071976e-06,6.66444518493835e-07,5.79806731089637e-05,6.13128957014328e-05
daPulDyse1,0.00440026684456304,0.273671114076051,0.216996330887258,0.0269839893262175,0.369961974649766,0.0405677118078719,0.00163408939292862,0.0654913275517011,3.43562374916611e-05,2.10140093395597e-05,5.30353569046031e-05,6.60440293529019e-05,3.20213475650434e-05,3.13542361574383e-05,3.83589059372915e-05,1.00066711140761e-05,1.66777851901268e-06,2.33488992661775e-06,3.00200133422282e-06
daScuGale1,0.0174806795469687,0.222437708194537,0.228351432378414,0.0525532978014657,0.420264823451033,0.0300899400399734,0.00127981345769487,0.0224876748834111,0.000167554963357761,0,3.6309127248501e-05,0.0020236508994004,0.000550966022651566,0.000311125916055963,0.000407395069953364,0.000135243171219187,9.99333777481679e-07,0.000594270486342438,0.00082711525649567
daScuMino1,0.0273463333333333,0.275162,0.201206666666667,0.0323686666666667,0.375828333333333,0.033164,0.00368333333333333,0.0460253333333333,0.000171,0.000348666666666667,6.86666666666667e-05,0.00104233333333333,1.96666666666667e-05,0.000524,0.00102266666666667,0.000107333333333333,7.66666666666667e-06,0.000862666666666667,0.00104066666666667
daSolDulc1,0.00667066267066267,0.13429304029304,0.291653346653347,0.328961704961705,0.0264345654345654,0.00997935397935398,0.0154745254745255,0.175016983016983,0.0111451881451881,6.32700632700633e-06,8.02530802530803e-05,1.73160173160173e-05,3.72960372960373e-05,0.000176157176157176,8.65800865800866e-06,5.99400599400599e-06,9.65700965700966e-06,7.99200799200799e-06,2.0979020979021e-05
daVerOffi1,0.00714890073284477,0.130610259826782,0.417919053964024,0.148992338441039,0.282744836775483,0.00620886075949367,0.00182744836775483,0.00414090606262492,0.000214856762158561,3.3311125916056e-07,2.59826782145237e-05,1.46568954030646e-05,8.42771485676216e-05,3.59760159893404e-05,5.66289140572951e-06,8.32778147901399e-06,7.99467021985343e-06,4.33044636908727e-06,4.99666888740839e-06
dcAgrGith1,0.00963575717144763,0.314830553702468,0.312717144763175,0.0315413609072715,0.311745496997999,0.0135450300200133,0.00151634422948632,0.00373315543695797,0.000311207471647765,3.33555703802535e-06,1.63442294863242e-05,2.23482321547698e-05,0.000143762508338893,3.70246831220814e-05,1.16744496330887e-05,3.70246831220814e-05,2.20146764509673e-05,0.00011440960640427,1.60106737825217e-05
dcCheAlbu1,0.0323174391463821,0.613490163387796,0.162738246082027,0.102880626875625,0.0815841947315772,0.0033137712570857,0.00156018672890964,0.000767255751917306,0.000992664221407136,2.46748916305435e-05,1.00033344448149e-05,8.60286762254085e-05,7.5025008336112e-05,3.13437812604201e-05,2.93431143714571e-05,1.66722240746916e-06,2.73424474824942e-05,2.5675225075025e-05,4.43481160386796e-05
dcPolAvic1,0.149067310896368,0.314351882705765,0.323624458513829,0.0923215594801733,0.109390869710097,0.00548383872042652,0.00281539486837721,0.00194268577140953,0.000186937687437521,6.33122292569144e-06,0.000106631122959014,2.19926691102966e-05,0.00014595134955015,2.86571142952349e-05,1.46617794068644e-05,0.000101299566811063,3.49883372209264e-05,7.6974341886038e-05,0.000277574141952682
dcSpeBocc1,0.0315455151717239,0.336104034678226,0.27050883627876,0.0330136712237412,0.204550183394465,0.0104658219406469,0.0321480493497833,0.00116838946315438,0.00031943981327109,1.00033344448149e-06,0.0775065021673891,0.00032810936978993,0.000212737579193064,0.000357452484161387,0.00111837279093031,0.000351783927975992,9.83661220406802e-05,5.00166722240747e-06,0.00019673224408136
ddBarVulg1,0.0221943981327109,0.0682550850283428,0.199342447482494,0.188626875625208,0.100419139713238,0.0146115371790597,0.0168342780926976,0.0125825275091697,0.000183394464821607,1.83394464821607e-05,0.00115238412804268,6.36878959653218e-05,0.374316438812938,1.70056685561854e-05,0.00133044348116039,0,5.00166722240747e-06,4.53484494831611e-05,1.66722240746916e-06
ddEupLath1,0.39907161892072,0.15080946035976,0.219027981345769,0.15570652898068,0.039628580946036,0.00831812125249833,0.00388141239173884,0.0163484343770819,0.000676882078614257,1.6655562958028e-06,1.69886742171885e-05,0.000346102598267821,0.00603530979347102,2.93137908061292e-05,1.99866755496336e-06,4.99666888740839e-06,3.19786808794137e-05,1.29913391072618e-05,4.96335776149234e-05
ddEupPepu3,0.0103039867109635,0.0796774086378738,0.232883056478405,0.0232435215946844,0.371127906976744,0.0733079734219269,0.00966544850498339,0.00461627906976744,0.000211960132890365,1.32890365448505e-06,0.000737209302325581,0.000247176079734219,0.00181362126245847,9.30232558139535e-06,4.28571428571429e-05,0.00011063122923588,0.000154817275747508,0.000117940199335548,0.191727574750831
ddPopNigr1,0.0961402398401066,0.263066955363091,0.34018654230513,0.0142731512325117,0.272735509660227,0.00155096602265157,0.00953864090606263,0.000869753497668221,0.000546302465023318,1.33244503664224e-06,0.000300133244503664,7.36175882744837e-05,3.73084610259827e-05,0.000635576282478348,2.86475682878081e-05,3.3311125916056e-06,6.66222518321119e-07,1.03264490339773e-05,9.99333777481679e-07
ddPriVeri1,0.00467877374208597,0.0836891036321226,0.452456181272909,0.0140636454515162,0.278453515494835,0.00809596801066311,0.00306164611796068,0.154475841386205,0.000445184938353882,5.99800066644452e-06,9.16361212929024e-05,0.000174608463845385,5.96467844051983e-05,0.000169943352215928,6.66444518493835e-07,1.26624458513829e-05,1.6327890703099e-05,1.6327890703099e-05,3.2322559146951e-05
ddSalCapr1,0.17111496167944,0.444915361546151,0.104481506164612,0.0448523825391536,0.225910363212263,0.00380473175608131,0.00128090636454515,0.00202032655781406,0.00135221592802399,8.33055648117294e-06,4.36521159613462e-05,5.6647784071976e-05,1.76607797400866e-05,4.49850049983339e-05,2.59913362212596e-05,3.6654448517161e-06,0,5.99800066644452e-06,6.03132289236921e-05
ddVioOdor1,0.189460771276596,0.0745984042553191,0.228616688829787,0.239672539893617,0.096780585106383,0.108019281914894,0.00256582446808511,0.00983244680851064,0.000264960106382979,8.97606382978723e-06,3.75664893617021e-05,0.0339175531914894,0.00531648936170213,0.000732380319148936,0.00164594414893617,0.00234640957446809,2.32712765957447e-05,0.00207380319148936,0.00408610372340426
dhAlnGlut1,0.00428142714238079,0.272468156052017,0.205762920973658,0.0760343447815939,0.422207069023008,0.00300400133377793,0.0142084028009336,0.000632877625875292,0.000849283094364788,7.66922307435812e-06,6.70223407802601e-05,0.000199066355451817,5.83527842614205e-05,0.000112370790263421,1.06702234078026e-05,4.16805601867289e-05,1.93397799266422e-05,3.00100033344448e-06,3.23441147049016e-05
dmBerVulg1,0.00491160773849233,0.218420613742495,0.214813208805871,0.016763509006004,0.475750500333556,0.013550700466978,0.00241094062708472,0.0520517011340894,0.000941627751834556,3.33555703802535e-07,4.66977985323549e-06,0.000197798532354903,2.63509006004003e-05,9.30620413609073e-05,1.10073382254837e-05,1.53435623749166e-05,1.23415610406938e-05,8.67244829886591e-06,1.60106737825217e-05
drAilAlti1,0.00365710473649099,0.065709472981988,0.429560040026684,0.042022014676451,0.417877918612408,0.00212208138759173,0.0368595730486991,0.0012374916611074,0.000631087391594396,1.66777851901268e-06,0.000124416277518346,5.07004669779853e-05,3.20213475650434e-05,6.50433622414943e-05,1.23415610406938e-05,1.66777851901268e-06,3.33555703802535e-07,4.66977985323549e-06,3.03535690460307e-05
drAstGlyc1,0.178455485161721,0.184048682894298,0.198316105368456,0.039404468156052,0.371264421473825,0.0178299433144381,0.00587362454151384,0.0011083694564855,0.000485161720573524,1.60053351117039e-05,8.66955651883961e-06,4.56818939646549e-05,0.00115471823941314,1.26708902967656e-05,0.0003081027009003,0.0010110036678893,9.33644548182728e-06,7.63587862620874e-05,0.000571190396798933
drBuxSemp1,0.0273567855951984,0.167341780593531,0.237683894631544,0.197286762254085,0.362612870956986,0.00328242747582528,0.00202334111370457,0.0015081693897966,0.000448816272090697,1.03367789263088e-05,2.66755585195065e-05,0.000140380126708903,4.03467822607536e-05,2.50083361120373e-05,1.46715571857286e-05,6.96898966322107e-05,2.33411137045682e-05,5.66855618539513e-05,4.80160053351117e-05
drChaAngu1,0.00789266666666667,0.256612666666667,0.190789333333333,0.00655833333333333,0.318856333333333,0.0105136666666667,0.00286066666666667,0.203718666666667,0.000177,1.56666666666667e-05,2.3e-05,3.46666666666667e-05,0.001773,3.83333333333333e-05,7.06666666666667e-05,8e-06,4e-05,3.33333333333333e-07,1.7e-05
drCraLaev2,0.00361687229076359,0.112602534178059,0.292274424808269,0.00670123374458153,0.574320773591197,0.00307902634211404,0.00595731910636879,0.000874624874958319,0.000232077359119707,1.00033344448149e-06,4.63487829276425e-05,5.50183394464822e-05,8.03601200400133e-05,7.33577859286429e-05,3.33444481493831e-07,6.66888962987663e-07,1.53384461487162e-05,1.00033344448149e-05,5.86862287429143e-05
drEroMari8,0.0134516666666667,0.0861153333333333,0.146619666666667,0.00407366666666667,0.011373,0.00473866666666667,0.0410943333333333,0.00276433333333333,0.00139,1.2e-05,0.688092,5.9e-05,9.26666666666667e-05,6.86666666666667e-05,4e-06,5e-06,8e-06,1.9e-05,1.9e-05
drFilUlma1,0.00736302969636303,0.242884551217885,0.373586920253587,0.012697030363697,0.327025692359026,0.0260463797130464,0.00114014014014014,0.00875842509175843,7.34067400734067e-05,0,2.06873540206874e-05,5.33867200533867e-05,6.07273940607274e-05,3.87053720387054e-05,2.33566900233567e-06,9.00900900900901e-06,4.03737070403737e-05,5.33867200533867e-06,0.000193860527193861
drGeuUrba1,0.00280998336106489,0.118447587354409,0.192505823627288,0.0061910149750416,0.605136772046589,0.00868419301164725,0.00529883527454243,0.0601956738768719,0.000193344425956739,1.66389351081531e-06,1.23128119800333e-05,6.02329450915141e-05,0.000332113144758735,3.06156405990017e-05,1.79700499168053e-05,1.49750415973378e-05,3.49417637271215e-05,1.89683860232945e-05,1.29783693843594e-05
drHedHeli1,0.0047501667778519,0.195743495663776,0.288702468312208,0.00848432288192128,0.400723815877251,0.0154773182121414,0.00183488992661775,0.0836757838559039,0.000320213475650434,1.20080053368913e-05,2.83522348232155e-05,4.60306871247498e-05,3.60240160106738e-05,8.93929286190794e-05,1.10073382254837e-05,2.90193462308205e-05,3.00200133422282e-06,3.16877918612408e-05,1.00066711140761e-06
drIleAqui2,0.00315656229180546,0.135660892738175,0.279040639573618,0.0085616255829447,0.466241838774151,0.0389240506329114,0.00232978014656895,0.0656592271818787,0.000194536975349767,0,2.93137908061292e-05,2.89806795469687e-05,8.06129247168554e-05,5.19653564290473e-05,1.86542305129913e-05,9.99333777481679e-06,2.33177881412392e-06,2.33177881412392e-06,6.66222518321119e-06
drMalDome5,0.00283216549883217,0.126818151484818,0.234377711044378,0.00545979312645979,0.61942976309643,0.00401768435101768,0.0052288955622289,0.0012308975642309,0.000255588922255589,5.67233900567234e-06,7.30730730730731e-05,7.14047380714047e-05,9.50950950950951e-05,2.96963630296964e-05,2.13546880213547e-05,1.16783450116783e-05,0,3.33667000333667e-07,4.1041041041041e-05
drMalDome10,0.00283727909303101,0.125164054684895,0.232865288429476,0.00592264088029343,0.622481827275759,0.00356318772924308,0.00553217739246416,0.00108402800933645,0.000100033344448149,6.00200066688896e-06,4.80160053351117e-05,5.46848949649883e-05,0.000137045681893965,7.73591197065689e-05,1.50050016672224e-05,1.33377792597533e-05,1.00033344448149e-06,2.66755585195065e-06,9.43647882627543e-05
drMalDome11,0.00311162945684772,0.124546817727424,0.238589136954349,0.00511396201266245,0.618045651449517,0.00380639786737754,0.00514161946017994,0.00109463512162612,0.000238253915361546,1.5994668443852e-05,5.86471176274575e-05,3.39886704431856e-05,8.36387870709763e-05,4.13195601466178e-05,1.99933355548151e-06,1.93268910363212e-05,2.49916694435188e-05,8.33055648117294e-06,2.36587804065312e-05
drMalRobu1,0.00243414471490497,0.158702567522507,0.251105035011671,0.00598066022007336,0.573680226742247,0.00315471823941314,0.00315838612870957,0.00128042680893631,0.000274758252750917,3.33444481493831e-07,7.56918972990997e-05,2.66755585195065e-05,2.1673891297099e-05,3.53451150383461e-05,1.36712237412471e-05,2.66755585195065e-06,2.33411137045682e-06,3.56785595198399e-05,1.50050016672224e-05
drMalSylv7,0.00250683105631456,0.131970676441186,0.229958347217594,0.0044701766077974,0.620656781072976,0.00381406197934022,0.00446251249583472,0.00169710096634455,0.00022059313562146,1.1996001332889e-05,6.23125624791736e-05,1.83272242585805e-05,6.59780073308897e-05,4.23192269243585e-05,2.79906697767411e-05,1.66611129623459e-06,0,3.33222259246918e-07,1.1996001332889e-05
drMedArab1,0.213595865288429,0.496361453817939,0.0811117039013004,0.0146678892964321,0.16189063021007,0.00211970656885629,0.00499699899966656,0.000715238412804268,0.000269423141047016,1.53384461487162e-05,0.000206735578526175,3.26775591863955e-05,0.00176292097365789,4.43481160386796e-05,5.9353117705902e-05,7.66922307435812e-06,3.46782260753585e-05,6.33544514838279e-06,0.0221010336778926
drMedLupu1,0.195133577614923,0.194431712191872,0.175682211858761,0.0663204530313125,0.350703197868088,0.010684543637575,0.0035962691538974,0.00213024650233178,3.49766822118588e-05,1.59893404397069e-05,1.6655562958028e-05,6.7288474350433e-05,0.000902065289806795,1.73217854763491e-05,5.49633577614923e-05,0.000108927381745503,1.53231179213857e-05,1.76548967355097e-05,6.66222518321119e-05
drParJuda1,0.00627524158613795,0.368617460846385,0.236325558147284,0.0626711096301233,0.313299900033322,0.00253315561479507,0.00122059313562146,0.00831356214595135,8.93035654781739e-05,9.99666777740753e-06,8.99700099966678e-06,3.03232255914695e-05,0.000494835054981673,4.09863378873709e-05,2.76574475174942e-05,2.29923358880373e-05,8.33055648117294e-06,3.33222259246918e-07,9.66344551816061e-06
drPotAnse1,0.00311033333333333,0.244986333333333,0.307232333333333,0.00311633333333333,0.413819666666667,0.0162466666666667,0.00317333333333333,0.00761166666666667,0.000200333333333333,2e-06,3.96666666666667e-05,2.9e-05,0.000216666666666667,4.2e-05,3.6e-05,1.63333333333333e-05,5.93333333333333e-05,1.06666666666667e-05,5.13333333333333e-05
drPotSter1,0.00514052614052614,0.104295704295704,0.28032634032634,0.00419214119214119,0.479593406593407,0.119483516483516,0.00281451881451881,0.00357375957375957,9.45720945720946e-05,5.66100566100566e-06,2.13120213120213e-05,4.56210456210456e-05,9.52380952380952e-05,0.000194139194139194,1.13220113220113e-05,5.59440559440559e-05,1.03230103230103e-05,3.996003996004e-06,4.1958041958042e-05
drPruPadu1,0.00380113446780113,0.255141808475142,0.250711044377711,0.11910977644311,0.355291624958292,0.0105695695695696,0.00237737737737738,0.00230063396730063,0.000406072739406073,1.4014014014014e-05,1.1011011011011e-05,2.76943610276944e-05,3.33667000333667e-05,0.000127794461127794,2.53586920253587e-05,3.33667000333667e-07,6.67334000667334e-07,2.83616950283617e-05,2.23556890223557e-05
drPyrComm1,0.00378192730910303,0.143497499166389,0.315834278092698,0.0385755251750584,0.49310703567856,0.00222107369123041,0.00193097699233078,0.000635878626208736,0.000160386795598533,4.00133377792598e-06,4.96832277425809e-05,6.46882294098033e-05,1.43381127042347e-05,8.66955651883961e-06,3.33444481493831e-07,4.30143381127042e-05,5.00166722240747e-06,4.56818939646549e-05,2.00066688896299e-05
drTriFrag1,0.00226266666666667,0.209104,0.257649666666667,0.0208793333333333,0.478327666666667,0.0210863333333333,0.00167266666666667,0.00844533333333333,0.000147666666666667,1.6e-05,3.33333333333333e-07,4.86666666666667e-05,0.000121666666666667,6.26666666666667e-05,6e-06,0.000102,6.66666666666667e-07,6.4e-05,2.66666666666667e-06
drTriSubt1,0.341617078052035,0.285752501667778,0.180573048699133,0.0667488325550367,0.109036691127418,0.0043809206137425,0.00622581721147432,0.00177218145430287,0.000481654436290861,9.23949299533022e-05,2.73515677118079e-05,0.00161707805203469,0.0014336224149433,1.46764509673115e-05,5.40360240160107e-05,0.000116410940627085,2.8685790527018e-05,2.26817878585724e-05,4.33622414943296e-06
drUmbRupe1,0.208848333333333,0.261878666666667,0.363738333333333,0.103616,0.054676,0.003596,0.00173233333333333,0.00128366666666667,0.000249,2.66666666666667e-05,1.83333333333333e-05,1e-05,2.43333333333333e-05,2e-04,1.93333333333333e-05,4.33333333333333e-06,4.26666666666667e-05,3.33333333333333e-07,3.56666666666667e-05
drUrtUren1,0.00645530353569046,0.342849232821881,0.28841494329553,0.0033945963975984,0.342695797198132,0.00248932621747832,0.00325083388925951,0.00917478318879253,0.000984322881921281,0,9.00600400266845e-06,2.30153435623749e-05,7.104736490994e-05,9.67311541027351e-05,4.10273515677118e-05,1.13408939292862e-05,1.66777851901268e-06,2.93529019346231e-05,7.67178118745831e-06
eaLuiSars1,0.010741494329553,0.558100400266845,0.2131754503002,0.175104736490994,0.0221217478318879,0.00372248165443629,0.013503335557038,0.00148198799199466,0.000218812541694463,4.33622414943296e-06,0.000126417611741161,9.00600400266845e-05,0.00139359573048699,0.000134422948632422,4.83655770513676e-05,9.33955970647098e-06,6.6711140760507e-07,2.13475650433622e-05,1.00066711140761e-06
eaMarGlac1,0.0128170609796734,0.538280573142286,0.162850383205598,0.213894368543819,0.0649393535488171,0.00307797400866378,0.00280173275574808,0.000808730423192269,0.000248250583138954,5.33155614795068e-06,3.19893368877041e-05,4.23192269243585e-05,4.16527824058647e-05,6.0646451182939e-05,3.46551149616794e-05,2.99900033322226e-05,2.33255581472842e-06,1.09963345551483e-05,2.16594468510496e-05
ecAntBifi1,0.0134951682772409,0.422213928690437,0.30508863712096,0.0585758080639787,0.16760613128957,0.0116384538487171,0.00712229256914362,0.00455581472842386,0.000358213928690437,3.33222259246918e-06,1.26624458513829e-05,6.13128957014329e-05,0.00905531489503499,7.09763412195935e-05,6.33122292569144e-05,2.09930023325558e-05,4.0653115628124e-05,3.66544485171609e-06,1.33288903698767e-05
fAbrBra2,0.00335090060040027,0.479994996664443,0.092211140760507,0.351271847898599,0.0264636424282855,0.00306437625083389,0.00115243495663776,0.0415553702468312,0.00047231487658439,3.33555703802535e-07,2.10140093395597e-05,0.00024216144096064,4.00266844563042e-05,8.87258172114743e-05,1.90126751167445e-05,2.40160106737825e-05,1.63442294863242e-05,1.06737825216811e-05,6.6711140760507e-07
fAciRut3,0.00234688437187604,0.29508397200933,0.146337220926358,0.409198600466511,0.0595941352882373,0.0688423858713762,0.0025191602799067,0.0156184605131623,0.000180273242252582,9.33022325891369e-06,2.16594468510496e-05,6.53115628123959e-05,1.33288903698767e-05,6.33122292569144e-06,6.13128957014329e-05,2.63245584805065e-05,4.23192269243585e-05,2.99900033322226e-06,2.99900033322226e-05
fBarBab1,0.013892630876959,0.431639879959987,0.11634144714905,0.3431873957986,0.0113864621540513,0.0234331443814605,0.000666888962987663,0.0591490496832277,0.000146048682894298,2.33411137045682e-06,1.33377792597533e-06,2.50083361120373e-05,3.70123374458153e-05,2.70090030010003e-05,4.66822274091364e-06,2.7675891963988e-05,1.00033344448149e-06,2.66755585195065e-06,2.83427809269757e-05
fBarBar1,0.0098025308025308,0.601051282051282,0.129974025974026,0.251583083583084,0.0028011988011988,0.00201332001332001,0.00107159507159507,0.000656343656343656,6.39360639360639e-05,6.99300699300699e-06,3.1968031968032e-05,7.32600732600733e-06,4.56210456210456e-05,0.000433233433233433,3.03030303030303e-05,0.000262737262737263,7.99200799200799e-06,5.96070596070596e-05,9.69030969030969e-05
fBleOce1,0.0192495834721759,0.317694435188271,0.265966677774075,0.320291569476841,0.0102615794735088,0.0198297234255248,0.00109663445518161,0.034867710763079,0.000150949683438854,3.99866711096301e-06,9.33022325891369e-06,0.000480173275574808,0.000817060979673442,0.007811062979007,0.000286904365211596,0.00026157947350883,2.09930023325558e-05,0.000388870376541153,0.000511162945684772
fCarCar2,0.00364543028685791,0.456571380920614,0.1133245496998,0.37246664442962,0.012187458305537,0.032522014676451,0.00285890593729153,0.00388325550366911,0.00198965977318212,1.40093395597065e-05,2.40160106737825e-05,8.1054036024016e-05,0.000250166777851901,9.0393595730487e-05,2.80186791194129e-05,0,6.6711140760507e-07,4.50300200133422e-05,1.73448965977318e-05
fCheLab1,0.003604,0.301330333333333,0.296518666666667,0.346157333333333,0.0436763333333333,0.005353,0.001213,0.00187,9.7e-05,6.66666666666667e-07,3.23333333333333e-05,4.93333333333333e-05,7.33333333333333e-06,1.56666666666667e-05,2.1e-05,1.93333333333333e-05,4e-06,5e-06,2.56666666666667e-05
fConCon1,0.00726624458513829,0.180434855048317,0.312540153282239,0.419020659780073,0.0236217927357547,0.0520876374541819,0.00206297900699767,0.00157614128623792,0.00015994668443852,3.46551149616794e-05,2.53248917027657e-05,1.99933355548151e-05,6.03132289236921e-05,4.76507830723092e-05,3.33222259246918e-05,0.000197600799733422,1.99933355548151e-05,0.000699766744418527,9.09696767744085e-05
fCycLum2,0.0101766666666667,0.387683666666667,0.282478,0.285009333333333,0.008396,0.0135866666666667,0.00529966666666667,0.00243366666666667,0.002594,3.93333333333333e-05,0.000140333333333333,0.001881,6.83333333333333e-05,5.16666666666667e-05,4.5e-05,6.66666666666667e-06,3.03333333333333e-05,4.06666666666667e-05,3.9e-05
fDanRer4,0.00284228076025342,0.539064021340447,0.0737635878626209,0.271894964988329,0.023594198066022,0.00194731577192397,0.084485495165055,0.000447482494164722,5.76858952984328e-05,1.66722240746916e-06,0.00163421140380127,8.73624541513838e-05,1.06702234078026e-05,7.00233411137046e-05,1.63387795931977e-05,3.30110036678893e-05,1.00033344448149e-06,4.36812270756919e-05,5.00166722240747e-06
fEchVip8,0.0100927594260928,0.380139139139139,0.240496496496496,0.316687687687688,0.0129422756089423,0.00588588588588589,0.0325098431765098,0.000700033366700033,0.000144477811144478,3.73707040373707e-05,1.76843510176844e-05,3.63697030363697e-05,4.43777110443777e-05,0.000149816483149816,5.77243910577244e-05,2.73606940273607e-05,0,7.34067400734067e-06,2.33566900233567e-05
fEutGur1,0.00658058058058058,0.408388722055389,0.215461461461461,0.338791791791792,0.00834601267934601,0.00191825158491825,0.0190880880880881,0.000541207874541208,0.000162162162162162,1.3013013013013e-05,6.00600600600601e-06,1.03436770103437e-05,5.005005005005e-06,0.000531197864531198,8.24157490824157e-05,1.06773440106773e-05,1.9019019019019e-05,3.9039039039039e-05,5.005005005005e-06
fGobGob1,0.00188584779706275,0.586488651535381,0.050338785046729,0.310822096128171,0.00441655540720961,0.037041388518024,0.00155140186915888,0.00702536715620828,0.000100467289719626,9.34579439252337e-06,5.67423230974633e-06,1.0347129506008e-05,4.77303070761015e-05,0.00017456608811749,9.67957276368491e-06,3.27102803738318e-05,2.67022696929239e-06,2.57009345794393e-05,1.10146862483311e-05
fGobNig1,0.00605035011670557,0.485253084361454,0.218365121707236,0.265278759586529,0.0140186728909637,0.00671657219073024,0.00288462820940313,0.000952317439146382,0.000148382794264755,3.66788929643214e-06,3.23441147049016e-05,4.66822274091364e-05,0.000116372124041347,5.36845615205068e-05,8.66955651883961e-06,2.30076692230744e-05,2.66755585195065e-06,4.10136712237412e-05,4.00133377792598e-06
fHypImm3,0.00315176784523015,0.403517011340894,0.216363242161441,0.342180453635757,0.0105880587058039,0.00748932621747832,0.00227151434289526,0.00328352234823215,0.00164342895263509,3.33555703802535e-07,1.50100066711141e-05,0.00919246164109406,8.87258172114743e-05,3.10206804536358e-05,3.50233488992662e-05,7.33822548365577e-06,4.26951300867245e-05,4.50300200133422e-05,5.40360240160107e-05
fLabBer1,0.00400133377792598,0.261950650216739,0.268235745248416,0.420494831610537,0.0285375125041681,0.00942380793597866,0.00193164388129376,0.00505201733911304,9.93664554851617e-05,2.33411137045682e-05,5.76858952984328e-05,1.73391130376792e-05,1.16705568522841e-05,4.56818939646549e-05,5.83527842614205e-05,5.00166722240747e-06,3.33444481493831e-06,2.33411137045682e-05,2.73424474824942e-05
fLabMix1,0.00237158105403602,0.253371581054036,0.246594062708472,0.430894262841895,0.0294743162108072,0.00692194796531021,0.00156771180787191,0.0278138759172782,0.000660773849232822,0,2.26817878585724e-05,0.000115076717811875,5.87058038692462e-05,5.80386924616411e-05,4.66977985323549e-06,5.6704469646431e-06,2.06804536357572e-05,1.33422281521014e-06,4.3028685790527e-05
fLipPho2,0.00568764568764569,0.364573426573427,0.23035298035298,0.351613053613054,0.0187539127539128,0.0236456876456876,0.00363603063603064,0.000911088911088911,0.000210789210789211,1.66500166500167e-06,7.52580752580753e-05,0.000282051282051282,0.000115884115884116,6.32700632700633e-05,3.996003996004e-06,3.66300366300366e-06,3.33000333000333e-05,6.66000666000666e-07,3.56310356310356e-05
fMicPou1,0.00242533333333333,0.193077333333333,0.326939333333333,0.435246,0.0172336666666667,0.01807,0.00390133333333333,0.00183766666666667,0.000188333333333333,1.8e-05,7.13333333333333e-05,0.000414,2e-05,9.46666666666667e-05,7.96666666666667e-05,3.06666666666667e-05,0.000132666666666667,0.000136333333333333,8.36666666666667e-05
fMicVar1,0.00767110963012329,0.434686771076308,0.156102632455848,0.362975341552816,0.0146851049650117,0.00967310896367877,0.0117164278573809,0.00157080973008997,0.000140286571142952,2.56581139620127e-05,3.29890036654449e-05,0.000105631456181273,9.73008997001e-05,0.000450516494501833,1.46617794068644e-05,2.33255581472842e-06,9.99666777740753e-06,1.46617794068644e-05,2.46584471842719e-05
fPhoGun1,0.00326564580559254,0.338901797603196,0.261249667110519,0.369699733688415,0.00920073235685752,0.0131258322237017,0.00232223701731025,0.00176997336884154,0.000152463382157124,5.65912117177097e-06,2.13049267643142e-05,3.36218375499334e-05,4.82689747003995e-05,4.72703062583222e-05,3.42876165113182e-05,2.82956058588549e-05,6.62450066577896e-05,3.99467376830892e-06,2.29693741677763e-05
fPhoPho1,0.00291469510163279,0.667763412195935,0.066780073308897,0.240715094968344,0.00439686771076308,0.0045724758413862,0.00296501166277907,0.0093892035988004,0.000187937354215262,3.33222259246918e-07,7.33088970343219e-06,2.19926691102966e-05,9.73008997001e-05,0.000112295901366211,4.66511162945685e-06,6.99766744418527e-06,1.33288903698767e-05,2.66577807397534e-06,4.83172275908031e-05
fPlaFle2,0.00749616282949616,0.49376976976977,0.193453787120454,0.295514514514514,0.00283717050383717,0.00400467133800467,0.00190724057390724,0.000571905238571905,0.000161828495161828,6.67334000667334e-07,2.23556890223557e-05,1.43476810143477e-05,7.84117450784117e-05,2.6026026026026e-05,5.20520520520521e-05,4.43777110443777e-05,1.43476810143477e-05,2.002002002002e-06,2.83616950283617e-05
fPlePla1,0.00758941058941059,0.409633366633367,0.294460872460872,0.274392274392274,0.00530835830835831,0.00474525474525475,0.00241258741258741,0.000535464535464535,0.000239427239427239,3.996003996004e-06,6.66000666000666e-06,3.7962037962038e-05,0.000440559440559441,2.13120213120213e-05,6.26040626040626e-05,1.16550116550117e-05,7.75890775890776e-05,1.2987012987013e-05,7.65900765900766e-06
fPolPol2,0.00316472157385795,0.371996665555185,0.311569523174391,0.296635211737246,0.00397932644214738,0.00748882960986996,0.00238746248749583,0.00098866288762921,0.000245081693897966,2.26742247415805e-05,2.26742247415805e-05,0.00109703234411471,4.7349116372124e-05,0.000201400466822274,1.66722240746916e-06,5.56852284094698e-05,5.63521173724575e-05,1.33377792597533e-06,3.83461153717906e-05
fPunPun2,0.0327848101265823,0.321145569620253,0.305894403730846,0.241726848767488,0.00247934710193205,0.00284110592938041,0.0919920053297801,0.000296469020652898,0.000134576948700866,6.99533644237175e-06,0.00012524983344437,2.59826782145237e-05,0.000312791472351765,9.79347101932045e-05,2.13191205862758e-05,4.83011325782811e-05,1.63224516988674e-05,4.19720186542305e-05,7.99467021985343e-06
fRutRut2,0.00563287762587529,0.605994664888296,0.0670833611203735,0.295027675891964,0.0077189063021007,0.00347215738579527,0.00115871957319106,0.0130996998999667,0.000199733244414805,1.66722240746916e-06,2.40080026675559e-05,0.000333444481493831,9.80326775591864e-05,8.80293431143715e-05,6.66888962987663e-06,1.00033344448149e-06,1.80060020006669e-05,1.00033344448149e-06,4.03467822607536e-05
fScoMax1,0.00400033366700033,0.383925258591925,0.295169502836169,0.303631631631632,0.00380747414080747,0.0032318985652319,0.00277243910577244,0.000405071738405072,0.000238905572238906,2.66933600266934e-06,7.74107440774107e-05,0.00221454788121455,0.000124457791124458,2.6026026026026e-05,0.000279946613279947,5.005005005005e-06,6.33967300633967e-06,5.87253920587254e-05,2.23556890223557e-05
fScoSco1,0.01036,0.356729666666667,0.261751666666667,0.302215,0.0623333333333333,0.0027,0.00233566666666667,0.000874,0.000372666666666667,2.13333333333333e-05,6e-06,3.83333333333333e-05,0.000120333333333333,3.76666666666667e-05,4.66666666666667e-05,7.66666666666667e-06,6e-06,1.03333333333333e-05,3.36666666666667e-05
fSprSpr1,0.00421488154821488,0.430582582582583,0.213667667667668,0.287105438772105,0.00357991324657991,0.0499963296629963,0.00564597931264598,0.00265198531865199,0.0013656990323657,2.13546880213547e-05,8.67534200867534e-06,0.000824491157824491,8.34167500834168e-06,0.000241908575241909,6.33967300633967e-06,1.03436770103437e-05,3.3033033033033e-05,1.76843510176844e-05,1.73506840173507e-05
fSquCep2,0.00332001332001332,0.538381951381951,0.0703682983682984,0.320328338328338,0.0142577422577423,0.00726473526473526,0.00117682317682318,0.0443220113220113,0.000272727272727273,9.99000999000999e-07,2.2977022977023e-05,0.000144189144189144,6.99300699300699e-06,3.996003996004e-05,5.66100566100566e-06,1.66500166500167e-06,5.99400599400599e-06,3.3966033966034e-05,4.4955044955045e-05
fSymMel2,0.00264078640453182,0.38107097634122,0.21503098967011,0.36946017994002,0.0185304898367211,0.00958680439853382,0.00159913362212596,0.00167877374208597,0.000145618127290903,1.79940019993336e-05,2.23258913695435e-05,8.59713428857048e-05,6.26457847384205e-05,3.93202265911363e-05,6.33122292569144e-06,3.33222259246918e-06,0,6.99766744418527e-06,1.13295568143952e-05
fSynAcu2,0.119396333333333,0.303903333333333,0.307717,0.237673,0.014183,0.00230333333333333,0.007809,0.00223633333333333,0.003808,7.66666666666667e-06,4.8e-05,0.000127333333333333,0.000344,0.000378333333333333,1.83333333333333e-05,2.33333333333333e-05,6.66666666666667e-06,3.66666666666667e-06,1.33333333333333e-05
fTauBub2,0.00700366911274183,0.370913942628419,0.325144096064043,0.271590727151434,0.0116801200800534,0.003447631754503,0.00596230820547031,0.00244029352901935,0.000361240827218145,2.00133422281521e-06,0.000862241494329553,0.000442628418945964,6.27084723148766e-05,2.83522348232155e-05,5.00333555703803e-06,1.30086724482989e-05,3.66911274182789e-06,3.23549032688459e-05,4.00266844563042e-06
fTelBon1,0.00683333333333333,0.336933,0.206859333333333,0.386389,0.0128523333333333,0.04408,0.00211933333333333,0.00223566666666667,0.000287333333333333,1.73333333333333e-05,2.93333333333333e-05,2.53333333333333e-05,8.7e-05,0.00111166666666667,3.66666666666667e-05,7.83333333333333e-05,1.2e-05,7.66666666666667e-06,5.33333333333333e-06
fThuMac1,0.00638874083944037,0.278619586942039,0.187419387075283,0.485393404397069,0.0332618254497002,0.00165756162558294,0.00622018654230513,0.00045236508994004,9.96002664890073e-05,4.66355762824783e-06,1.33244503664224e-05,7.99467021985343e-05,0.000179546968687542,0.000154230512991339,2.59826782145237e-05,1.99866755496336e-06,2.66489007328448e-06,1.06595602931379e-05,1.43237841439041e-05
fTraTra1,0.00428909636545515,0.325889296432144,0.275517505835278,0.335631877292431,0.0478896298766255,0.0031943981327109,0.0053944648216072,0.00148149383127709,0.000226408802934311,8.702900966989e-05,5.66855618539513e-06,3.30110036678893e-05,0.000136378792930977,5.9353117705902e-05,4.13471157052351e-05,3.63454484828276e-05,2.30076692230744e-05,5.23507835945315e-05,1.13371123707903e-05
fZeuFab8,0.0126803333333333,0.468526333333333,0.183607666666667,0.300898666666667,0.005092,0.00211333333333333,0.00278066666666667,0.000383333333333333,0.000691333333333333,1.66666666666667e-06,5.13333333333333e-05,0.00410366666666667,6.16666666666667e-05,0.0189433333333333,1.9e-05,1.33333333333333e-06,1.7e-05,1.43333333333333e-05,1.3e-05
gfAgaBisp1,0.0263947982660887,0.272983994664888,0.480403134378126,0.0435035011670557,0.160107369123041,0.00219373124374792,0.0104978326108703,0.000512837612537513,0.000214738246082027,2.33411137045682e-06,0.00294564854951651,0.000168056018672891,1.63387795931977e-05,2.83427809269757e-05,8.00266755585195e-06,1.13371123707903e-05,3.33444481493831e-07,5.3351117039013e-06,2.33411137045682e-06
gfClaFumo1,0.0775124958347218,0.133768077307564,0.173861046317894,0.436987004331889,0.163460513162279,0.00144118627124292,0.0105241586137954,0.000629790069976674,0.00133788737087637,2.66577807397534e-06,1.49950016661113e-05,6.76441186271243e-05,0.000128290569810063,0.000186271242919027,1.99933355548151e-06,1.33288903698767e-05,1.33288903698767e-05,2.53248917027657e-05,2.39920026657781e-05
gfLaeSulp1,0.0618274483677548,0.121638574283811,0.621424383744171,0.130571952031979,0.0166439040639574,0.003163890739507,0.0225806129247169,0.00328114590273151,0.000431045969353764,1.59893404397069e-05,0.0179493670886076,3.73084610259827e-05,4.73017988007995e-05,0.000316455696202532,1.33244503664224e-05,1.53231179213857e-05,6.32911392405063e-06,2.99800133244504e-06,3.26449033977348e-05
gfPleOstr1,0.016579386257505,0.149832555036691,0.556201467645097,0.174690793862575,0.0659016010673782,0.0161527685123416,0.00535857238158772,0.00318712474983322,0.000157438292194797,1.50100066711141e-05,0.0115260173448966,5.57038025350234e-05,2.53502334889927e-05,0.000233822548365577,3.20213475650434e-05,9.33955970647098e-06,3.66911274182789e-06,4.66977985323549e-06,3.26884589726484e-05
gfPorCaly1,0.0100956985661887,0.0437889296432144,0.0951147049016339,0.814875625208403,0.0194794931643881,0.00266655551850617,0.0113561187062354,0.00065621873957986,5.86862287429143e-05,7.00233411137046e-06,0.00103601200400133,5.23507835945315e-05,0.000173724574858286,0.000569856618872958,3.26775591863955e-05,6.66888962987663e-06,2.06735578526175e-05,6.33544514838279e-06,2.66755585195065e-06
